00=200,300,400,500,100
01=200,300,400,500,100
02=200,300,400,500,100
03=200,300,400,500,700
04=200,300,400,500,700
05=200,300,400,500,700
06=200,300,400,500,700
07=200,300,400,500,600
08=200,300,400,500,600
09=200,300,400,500,600
10=200,300,400,500,600
11=200,300,400,500,600
12=200,300,400,500,100,600
13=200,300,400,500,100,600
14=200,300,400,500,100,100
15=200,300,400,500,100,100
50=200,300,400,500,100
51=200,300,400,500,700,100
52=200,300,400,500,600
53=200,300,400,500,600
54=200,300,400,500,100
55=200,300,400,500,100
70=200,300,400,500,600
71=200,300,400,500,600
72=200,300,400,500,100
